2,835-1-813-28652-9,14,6,2013,21,6,2013,20,6,2013,
2,986-3-645-83245-3,20,6,2013,27,6,2013,24,6,2013,
4,148-4-204-24224-6,6,7,2013,13,7,2013,8,7,2013,
5,690-4-401-79381-3,11,7,2013,18,7,2013,15,7,2013,
5,162-5-915-28790-2,17,7,2013,24,7,2013,24,7,2013,
5,711-8-420-85038-7,13,8,2013,20,8,2013,15,8,2013,
2,068-7-864-57135-7,6,9,2013,13,9,2013,8,9,2013,
5,615-4-425-97735-4,4,10,2013,11,10,2013,11,10,2013,
3,148-4-204-24224-6,8,10,2013,15,10,2013,14,10,2013,
4,148-4-204-24224-6,8,10,2013,15,10,2013,10,10,2013,
5,293-6-520-09332-6,9,10,2013,16,10,2013,15,10,2013,
5,293-6-520-09332-6,10,10,2013,17,10,2013,13,10,2013,
4,162-5-915-28790-2,14,10,2013,21,10,2013,15,10,2013,
4,293-6-520-09332-6,15,10,2013,22,10,2013,21,10,2013,
4,260-7-897-02651-4,16,10,2013,23,10,2013,19,10,2013,
2,293-6-520-09332-6,18,10,2013,25,10,2013,25,10,2013,
1,835-1-813-28652-9,18,10,2013,25,10,2013,24,10,2013,
1,068-7-864-57135-7,4,12,2013,11,12,2013,22,12,2013,
4,615-4-425-97735-4,5,12,2013,12,12,2013,0,0,0,
2,690-4-401-79381-3,9,12,2013,16,12,2013,0,0,0,
6,986-3-645-83245-3,22,12,2013,26,12,2013,22,12,2013,
6,395-3-604-21205-3,22,12,2013,27,12,2013,0,0,0,
6,0-999-999-999-999,22,12,2013,26,12,2013,22,12,2013,
